 batch_norm  val_accuracy  test_accuracy
        1.0      0.507377         0.5109
        1.0      0.521380         0.5238
        1.0      0.512378         0.5207
        0.0      0.499875         0.5126
        0.0      0.100775         0.1000
        0.0      0.100775         0.1000 batch_norm  sig_value  val_accuracy  test_accuracy
        1.0     0.1000      0.520630         0.5167
        1.0     0.0010      0.531383         0.5267
        1.0     0.0001      0.522881         0.5257
        0.0     0.1000      0.515379         0.5261
        0.0     0.0010      0.103776         0.1000
        0.0     0.0001      0.103776         0.1000